535235
20696
792298
626152
4062
315333
241560
217986
488
127199
206492
592768
186528
466164
118872
377406
107580
570652
667359
15344
32515
277680
570240
785473
528984
48075
3584
419850
47762
610056
125488
249840
13234
364854
40689
275480
59408
30176
256632
361767
83968
21712
18840
543
30090
446608
295324
245820
190536
44200
102068
60480
391040
248970
28288
29250
598780
720209
38135
475741
614220
7395
48351
6960
34090
680688
511598
612772
406392
102528
231404
727477
166500
151900
151317
35980
55800
119277
210488
74921
42700
89705
186876
132114
327520
242214
158766
410844
74104
230728
70400
785070
57821
23896
127510
569492
171840
583065
16881
308698
34077
161803
707742
223392
140454
138237
198660
47174
443207
1841
406548
22002
33136
331209
68200
480766
9352
181503
584380
4074
359268
187467
26361
449493
457520
248976
12450
345135
250083
42127
86664
57280
396865
914888
123838
81842
25058
706368
498000
471105
34486
14027
166666
370720
93972
111756
256082
393645
1474
638685
278202
156160
7672
193276
234530
35108
5778
397271
894600
35559
192712
425278
176000
190960
48692
66500
88160
70020
571608
211680
11820
678895
411558
89466
120120
15903
43757
156006
26860
316806
40832
15930
327843
279128
190476
189475
418474
13230
9396
65610
710500
72027
283860
238875
85262
708554
54522
40918
583840
829686
687644
4018
275400
138380
37236
142538
408660
120192
122925
239568
494650
160195
390279
383423
105222
217328
691440
354760
758520
5688
91277
15624
379275
28396
154235
553969
400095
400435
64602
77680
81719
261725
263840
194275
616050
150892
30691
25308
35075
266050
7560
122576
251870
210596
161622
469254
13802
23353
43898
342100
150968
275200
10904
568428
14941
579336
576198
59296
330750
225246
13980
19300
310788
244407
258609
609895
28496
66088
258792
255285
308911
128710
2912
421830
368186
488512
42273
725888
80678
215764
364105
288230
196290
599148
101880
57960
309747
170820
220800
64812
32558
136080
617892
176295
26364
64116
25900
109802
9924
338096
667359
168912
306726
306150
39336
321600
149952
421875
5064
259752
551862
201740
68052
327267
82616
67500
111870
262080
27600
264061
62980
58464
82056
529783
24288
44431
429219
118872
79756
9600
228752
439263
268600
287079
13632
42420
55784
64664
42275
249186
90475
659604
171336
124548
hola
79552824
